1.675849911310
0.181960061728
0.165033721568
0.181960061728
0.025489236595
0.021616816699
0.165033721568
0.021616816699
0.018659202294
0.181960061728
0.406236426267
0.284134908090
0.025489236595
0.070709080272
0.049329005396
0.021616816699
0.056436223247
0.039395004472
0.165033721568
0.284134908090
0.267623492790
0.021616816699
0.049329005396
0.046533536696
0.018659202294
0.039395004472
0.037137743873
0.181960061728
0.025489236595
0.021616816699
0.406236426267
0.070709080272
0.056436223247
0.284134908090
0.049329005396
0.039395004472
0.025489236595
0.070709080272
0.049329005396
0.070709080272
0.321132997297
0.231086127045
0.049329005396
0.231086127045
0.168280609849
0.021616816699
0.049329005396
0.046533536696
0.056436223247
0.231086127045
0.232601310260
0.039395004472
0.168280609849
0.173697692760
0.165033721568
0.021616816699
0.018659202294
0.284134908090
0.049329005396
0.039395004472
0.267623492790
0.046533536696
0.037137743873
0.021616816699
0.056436223247
0.039395004472
0.049329005396
0.231086127045
0.168280609849
0.046533536696
0.232601310260
0.173697692760
0.018659202294
0.039395004472
0.037137743873
0.039395004472
0.168280609849
0.173697692760
0.037137743873
0.173697692760
0.190709432371

