0.89714135725
0.50459026620
0.12875658966
0.34816431751
0.50459026620
0.29992434741
0.07990766456
0.20702386323
0.12875658966
0.07990766456
0.04172698056
0.07128155010
0.34816431751
0.20702386323
0.07128155010
0.15977084751
0.50459026620
0.50726748011
0.14060331706
0.33577262541
0.29992434741
0.32393419145
0.09072983131
0.21372747978
0.07990766456
0.09049044355
0.05055067503
0.08234427404
0.20702386323
0.22352671232
0.08236971472
0.17061433812
0.12875658966
0.14060331706
0.51993645634
0.32548480443
0.07990766456
0.09072983131
0.34204438322
0.21290594291
0.04172698056
0.05055067503
0.22504967258
0.12475375769
0.07128155010
0.08236971472
0.32338453600
0.19592112608
0.34816431751
0.33577262541
0.32548480443
0.47937799905
0.20702386323
0.21372747978
0.21290594291
0.31143723258
0.07128155010
0.08234427404
0.12475375769
0.14341519004
0.15977084751
0.17061433812
0.19592112608
0.26622579311
0.50459026620
0.29992434741
0.07990766456
0.20702386323
0.50726748011
0.32393419145
0.09049044355
0.22352671232
0.14060331706
0.09072983131
0.05055067503
0.08236971472
0.33577262541
0.21372747978
0.08234427404
0.17061433812
0.29992434741
0.32393419145
0.09072983131
0.21372747978
0.32393419145
0.39404451354
0.10943903066
0.25761411362
0.09072983131
0.10943903066
0.06543998811
0.10374524133
0.21372747978
0.25761411362
0.10374524133
0.20868584332
0.07990766456
0.09072983131
0.34204438322
0.21290594291
0.09049044355
0.10943903066
0.42199200077
0.26271623589
0.05055067503
0.06543998811
0.30146118486
0.16597453847
0.08234427404
0.10374524133
0.42222922395
0.25527712617
0.20702386323
0.21372747978
0.21290594291
0.31143723258
0.22352671232
0.25761411362
0.26271623589
0.38824652644
0.08236971472
0.10374524133
0.16597453847
0.18886508936
0.17061433812
0.20868584332
0.25527712617
0.34707943363
0.12875658966
0.07990766456
0.04172698056
0.07128155010
0.14060331706
0.09072983131
0.05055067503
0.08236971472
0.51993645634
0.34204438322
0.22504967258
0.32338453600
0.32548480443
0.21290594291
0.12475375769
0.19592112608
0.07990766456
0.09049044355
0.05055067503
0.08234427404
0.09072983131
0.10943903066
0.06543998811
0.10374524133
0.34204438322
0.42199200077
0.30146118486
0.42222922395
0.21290594291
0.26271623589
0.16597453847
0.25527712617
0.04172698056
0.05055067503
0.22504967258
0.12475375769
0.05055067503
0.06543998811
0.30146118486
0.16597453847
0.22504967258
0.30146118486
1.54302121562
0.78494871844
0.12475375769
0.16597453847
0.78494871844
0.42674585804
0.07128155010
0.08234427404
0.12475375769
0.14341519004
0.08236971472
0.10374524133
0.16597453847
0.18886508936
0.32338453600
0.42222922395
0.78494871844
0.80343420511
0.19592112608
0.25527712617
0.42674585804
0.47588057371
0.34816431751
0.20702386323
0.07128155010
0.15977084751
0.33577262541
0.21372747978
0.08234427404
0.17061433812
0.32548480443
0.21290594291
0.12475375769
0.19592112608
0.47937799905
0.31143723258
0.14341519004
0.26622579311
0.20702386323
0.22352671232
0.08236971472
0.17061433812
0.21372747978
0.25761411362
0.10374524133
0.20868584332
0.21290594291
0.26271623589
0.16597453847
0.25527712617
0.31143723258
0.38824652644
0.18886508936
0.34707943363
0.07128155010
0.08236971472
0.32338453600
0.19592112608
0.08234427404
0.10374524133
0.42222922395
0.25527712617
0.12475375769
0.16597453847
0.78494871844
0.42674585804
0.14341519004
0.18886508936
0.80343420511
0.47588057371
0.15977084751
0.17061433812
0.19592112608
0.26622579311
0.17061433812
0.20868584332
0.25527712617
0.34707943363
0.19592112608
0.25527712617
0.42674585804
0.47588057371
0.26622579311
0.34707943363
0.47588057371
0.61553901612
