0.77460594392
0.13248263033
0.34713840217
0.13248263033
0.05102928165
0.08601478507
0.34713840217
0.08601478507
0.18757106164
0.13248263033
0.50676996737
0.31678434901
0.05102928165
0.25549937172
0.14146366492
0.08601478507
0.36838241613
0.22318388077
0.34713840217
0.31678434901
0.46620323104
0.08601478507
0.14146366492
0.16233158786
0.18757106164
0.22318388077
0.30368946962
0.13248263033
0.05102928165
0.08601478507
0.50676996737
0.25549937172
0.36838241613
0.31678434901
0.14146366492
0.22318388077
0.05102928165
0.25549937172
0.14146366492
0.25549937172
1.54302121562
0.78494871844
0.14146366492
0.78494871844
0.42674585804
0.08601478507
0.14146366492
0.16233158786
0.36838241613
0.78494871844
0.80343420511
0.22318388077
0.42674585804
0.47588057371
0.34713840217
0.08601478507
0.18757106164
0.31678434901
0.14146366492
0.22318388077
0.46620323104
0.16233158786
0.30368946962
0.08601478507
0.36838241613
0.22318388077
0.14146366492
0.78494871844
0.42674585804
0.16233158786
0.80343420511
0.47588057371
0.18757106164
0.22318388077
0.30368946962
0.22318388077
0.42674585804
0.47588057371
0.30368946962
0.47588057371
0.61553901612
